+---------------------------------------------------------------------------------------------------------------------------------------------------------------------------------------------------------------------------------------------------------------------------------------------------------------------------------------+
; Legal Partition Candidates                                                                                                                                                                                                                                                                                                            ;
+----------------------------------------------------------------------------------------------------------------------------------+-------+----------------+--------------+----------------+--------+-----------------+---------------+-----------------+-------+----------------+--------------+------------------+-------------------+
; Hierarchy                                                                                                                        ; Input ; Constant Input ; Unused Input ; Floating Input ; Output ; Constant Output ; Unused Output ; Floating Output ; Bidir ; Constant Bidir ; Unused Bidir ; Input only Bidir ; Output only Bidir ;
+----------------------------------------------------------------------------------------------------------------------------------+-------+----------------+--------------+----------------+--------+-----------------+---------------+-----------------+-------+----------------+--------------+------------------+-------------------+
; seg3                                                                                                                             ; 4     ; 1              ; 0            ; 1              ; 8      ; 1               ; 1             ; 1               ; 0     ; 0              ; 0            ; 0                ; 0                 ;
; seg2                                                                                                                             ; 4     ; 1              ; 0            ; 1              ; 8      ; 1               ; 1             ; 1               ; 0     ; 0              ; 0            ; 0                ; 0                 ;
; seg1                                                                                                                             ; 4     ; 1              ; 0            ; 1              ; 8      ; 1               ; 1             ; 1               ; 0     ; 0              ; 0            ; 0                ; 0                 ;
; seg0                                                                                                                             ; 4     ; 1              ; 0            ; 1              ; 8      ; 1               ; 1             ; 1               ; 0     ; 0              ; 0            ; 0                ; 0                 ;
; u0|irq_synchronizer_003                                                                                                          ; 5     ; 0              ; 2            ; 0              ; 1      ; 0               ; 0             ; 0               ; 0     ; 0              ; 0            ; 0                ; 0                 ;
; u0|irq_synchronizer_002                                                                                                          ; 5     ; 0              ; 2            ; 0              ; 1      ; 0               ; 0             ; 0               ; 0     ; 0              ; 0            ; 0                ; 0                 ;
; u0|irq_synchronizer_001                                                                                                          ; 5     ; 0              ; 2            ; 0              ; 1      ; 0               ; 0             ; 0               ; 0     ; 0              ; 0            ; 0                ; 0                 ;
; u0|irq_synchronizer                                                                                                              ; 5     ; 0              ; 2            ; 0              ; 1      ; 0               ; 0             ; 0               ; 0     ; 0              ; 0            ; 0                ; 0                 ;
; u0|irq_mapper                                                                                                                    ; 6     ; 28             ; 2            ; 28             ; 32     ; 28              ; 28            ; 28              ; 0     ; 0              ; 0            ; 0                ; 0                 ;
; u0|crosser_017|clock_xer                                                                                                         ; 97    ; 0              ; 0            ; 0              ; 93     ; 0               ; 0             ; 0               ; 0     ; 0              ; 0            ; 0                ; 0                 ;
; u0|crosser_017                                                                                                                   ; 99    ; 2              ; 0            ; 2              ; 93     ; 2               ; 2             ; 2               ; 0     ; 0              ; 0            ; 0                ; 0                 ;
; u0|crosser_016|clock_xer                                                                                                         ; 97    ; 0              ; 0            ; 0              ; 93     ; 0               ; 0             ; 0               ; 0     ; 0              ; 0            ; 0                ; 0                 ;
; u0|crosser_016                                                                                                                   ; 99    ; 2              ; 0            ; 2              ; 93     ; 2               ; 2             ; 2               ; 0     ; 0              ; 0            ; 0                ; 0                 ;
; u0|crosser_015|clock_xer                                                                                                         ; 97    ; 0              ; 0            ; 0              ; 93     ; 0               ; 0             ; 0               ; 0     ; 0              ; 0            ; 0                ; 0                 ;
; u0|crosser_015                                                                                                                   ; 99    ; 2              ; 0            ; 2              ; 93     ; 2               ; 2             ; 2               ; 0     ; 0              ; 0            ; 0                ; 0                 ;
; u0|crosser_014|clock_xer                                                                                                         ; 97    ; 0              ; 0            ; 0              ; 93     ; 0               ; 0             ; 0               ; 0     ; 0              ; 0            ; 0                ; 0                 ;
; u0|crosser_014                                                                                                                   ; 99    ; 2              ; 0            ; 2              ; 93     ; 2               ; 2             ; 2               ; 0     ; 0              ; 0            ; 0                ; 0                 ;
; u0|crosser_013|clock_xer                                                                                                         ; 97    ; 0              ; 0            ; 0              ; 93     ; 0               ; 0             ; 0               ; 0     ; 0              ; 0            ; 0                ; 0                 ;
; u0|crosser_013                                                                                                                   ; 99    ; 2              ; 0            ; 2              ; 93     ; 2               ; 2             ; 2               ; 0     ; 0              ; 0            ; 0                ; 0                 ;
; u0|crosser_012|clock_xer                                                                                                         ; 97    ; 0              ; 0            ; 0              ; 93     ; 0               ; 0             ; 0               ; 0     ; 0              ; 0            ; 0                ; 0                 ;
; u0|crosser_012                                                                                                                   ; 99    ; 2              ; 0            ; 2              ; 93     ; 2               ; 2             ; 2               ; 0     ; 0              ; 0            ; 0                ; 0                 ;
; u0|crosser_011|clock_xer                                                                                                         ; 97    ; 0              ; 0            ; 0              ; 93     ; 0               ; 0             ; 0               ; 0     ; 0              ; 0            ; 0                ; 0                 ;
; u0|crosser_011                                                                                                                   ; 99    ; 2              ; 0            ; 2              ; 93     ; 2               ; 2             ; 2               ; 0     ; 0              ; 0            ; 0                ; 0                 ;
; u0|crosser_010|clock_xer                                                                                                         ; 97    ; 0              ; 0            ; 0              ; 93     ; 0               ; 0             ; 0               ; 0     ; 0              ; 0            ; 0                ; 0                 ;
; u0|crosser_010                                                                                                                   ; 99    ; 2              ; 0            ; 2              ; 93     ; 2               ; 2             ; 2               ; 0     ; 0              ; 0            ; 0                ; 0                 ;
; u0|crosser_009|clock_xer                                                                                                         ; 97    ; 0              ; 0            ; 0              ; 93     ; 0               ; 0             ; 0               ; 0     ; 0              ; 0            ; 0                ; 0                 ;
; u0|crosser_009                                                                                                                   ; 99    ; 2              ; 0            ; 2              ; 93     ; 2               ; 2             ; 2               ; 0     ; 0              ; 0            ; 0                ; 0                 ;
; u0|crosser_008|clock_xer                                                                                                         ; 97    ; 0              ; 0            ; 0              ; 93     ; 0               ; 0             ; 0               ; 0     ; 0              ; 0            ; 0                ; 0                 ;
; u0|crosser_008                                                                                                                   ; 99    ; 2              ; 0            ; 2              ; 93     ; 2               ; 2             ; 2               ; 0     ; 0              ; 0            ; 0                ; 0                 ;
; u0|crosser_007|clock_xer                                                                                                         ; 97    ; 0              ; 0            ; 0              ; 93     ; 0               ; 0             ; 0               ; 0     ; 0              ; 0            ; 0                ; 0                 ;
; u0|crosser_007                                                                                                                   ; 99    ; 2              ; 0            ; 2              ; 93     ; 2               ; 2             ; 2               ; 0     ; 0              ; 0            ; 0                ; 0                 ;
; u0|crosser_006|clock_xer                                                                                                         ; 97    ; 0              ; 0            ; 0              ; 93     ; 0               ; 0             ; 0               ; 0     ; 0              ; 0            ; 0                ; 0                 ;
; u0|crosser_006                                                                                                                   ; 99    ; 2              ; 0            ; 2              ; 93     ; 2               ; 2             ; 2               ; 0     ; 0              ; 0            ; 0                ; 0                 ;
; u0|crosser_005|clock_xer                                                                                                         ; 97    ; 0              ; 0            ; 0              ; 93     ; 0               ; 0             ; 0               ; 0     ; 0              ; 0            ; 0                ; 0                 ;
; u0|crosser_005                                                                                                                   ; 99    ; 2              ; 0            ; 2              ; 93     ; 2               ; 2             ; 2               ; 0     ; 0              ; 0            ; 0                ; 0                 ;
; u0|crosser_004|clock_xer                                                                                                         ; 97    ; 0              ; 0            ; 0              ; 93     ; 0               ; 0             ; 0               ; 0     ; 0              ; 0            ; 0                ; 0                 ;
; u0|crosser_004                                                                                                                   ; 99    ; 2              ; 0            ; 2              ; 93     ; 2               ; 2             ; 2               ; 0     ; 0              ; 0            ; 0                ; 0                 ;
; u0|crosser_003|clock_xer                                                                                                         ; 97    ; 0              ; 0            ; 0              ; 93     ; 0               ; 0             ; 0               ; 0     ; 0              ; 0            ; 0                ; 0                 ;
; u0|crosser_003                                                                                                                   ; 99    ; 2              ; 0            ; 2              ; 93     ; 2               ; 2             ; 2               ; 0     ; 0              ; 0            ; 0                ; 0                 ;
; u0|crosser_002|clock_xer                                                                                                         ; 97    ; 0              ; 0            ; 0              ; 93     ; 0               ; 0             ; 0               ; 0     ; 0              ; 0            ; 0                ; 0                 ;
; u0|crosser_002                                                                                                                   ; 99    ; 2              ; 0            ; 2              ; 93     ; 2               ; 2             ; 2               ; 0     ; 0              ; 0            ; 0                ; 0                 ;
; u0|crosser_001|clock_xer                                                                                                         ; 109   ; 0              ; 0            ; 0              ; 105    ; 0               ; 0             ; 0               ; 0     ; 0              ; 0            ; 0                ; 0                 ;
; u0|crosser_001                                                                                                                   ; 111   ; 2              ; 0            ; 2              ; 105    ; 2               ; 2             ; 2               ; 0     ; 0              ; 0            ; 0                ; 0                 ;
; u0|crosser|clock_xer                                                                                                             ; 109   ; 0              ; 0            ; 0              ; 105    ; 0               ; 0             ; 0               ; 0     ; 0              ; 0            ; 0                ; 0                 ;
; u0|crosser                                                                                                                       ; 111   ; 2              ; 0            ; 2              ; 105    ; 2               ; 2             ; 2               ; 0     ; 0              ; 0            ; 0                ; 0                 ;
; u0|width_adapter_001|uncompressor                                                                                                ; 42    ; 4              ; 0            ; 4              ; 33     ; 4               ; 4             ; 4               ; 0     ; 0              ; 0            ; 0                ; 0                 ;
; u0|width_adapter_001                                                                                                             ; 92    ; 3              ; 0            ; 3              ; 105    ; 3               ; 3             ; 3               ; 0     ; 0              ; 0            ; 0                ; 0                 ;
; u0|width_adapter                                                                                                                 ; 110   ; 3              ; 0            ; 3              ; 87     ; 3               ; 3             ; 3               ; 0     ; 0              ; 0            ; 0                ; 0                 ;
; u0|rsp_xbar_mux_002|arb|adder                                                                                                    ; 32    ; 16             ; 0            ; 16             ; 16     ; 16              ; 16            ; 16              ; 0     ; 0              ; 0            ; 0                ; 0                 ;
; u0|rsp_xbar_mux_002|arb                                                                                                          ; 12    ; 0              ; 4            ; 0              ; 8      ; 0               ; 0             ; 0               ; 0     ; 0              ; 0            ; 0                ; 0                 ;
; u0|rsp_xbar_mux_002                                                                                                              ; 739   ; 0              ; 0            ; 0              ; 100    ; 0               ; 0             ; 0               ; 0     ; 0              ; 0            ; 0                ; 0                 ;
; u0|rsp_xbar_demux_011                                                                                                            ; 95    ; 1              ; 2            ; 1              ; 93     ; 1               ; 1             ; 1               ; 0     ; 0              ; 0            ; 0                ; 0                 ;
; u0|rsp_xbar_demux_010                                                                                                            ; 95    ; 1              ; 2            ; 1              ; 93     ; 1               ; 1             ; 1               ; 0     ; 0              ; 0            ; 0                ; 0                 ;
; u0|rsp_xbar_demux_009                                                                                                            ; 95    ; 1              ; 2            ; 1              ; 93     ; 1               ; 1             ; 1               ; 0     ; 0              ; 0            ; 0                ; 0                 ;
; u0|rsp_xbar_demux_008                                                                                                            ; 95    ; 1              ; 2            ; 1              ; 93     ; 1               ; 1             ; 1               ; 0     ; 0              ; 0            ; 0                ; 0                 ;
; u0|rsp_xbar_demux_007                                                                                                            ; 95    ; 1              ; 2            ; 1              ; 93     ; 1               ; 1             ; 1               ; 0     ; 0              ; 0            ; 0                ; 0                 ;
; u0|rsp_xbar_demux_006                                                                                                            ; 95    ; 1              ; 2            ; 1              ; 93     ; 1               ; 1             ; 1               ; 0     ; 0              ; 0            ; 0                ; 0                 ;
; u0|rsp_xbar_demux_005                                                                                                            ; 95    ; 1              ; 2            ; 1              ; 93     ; 1               ; 1             ; 1               ; 0     ; 0              ; 0            ; 0                ; 0                 ;
; u0|rsp_xbar_demux_004                                                                                                            ; 95    ; 1              ; 2            ; 1              ; 93     ; 1               ; 1             ; 1               ; 0     ; 0              ; 0            ; 0                ; 0                 ;
; u0|cmd_xbar_demux_002                                                                                                            ; 109   ; 64             ; 2            ; 64             ; 737    ; 64              ; 64            ; 64              ; 0     ; 0              ; 0            ; 0                ; 0                 ;
; u0|rsp_xbar_mux_001|arb|adder                                                                                                    ; 16    ; 8              ; 0            ; 8              ; 8      ; 8               ; 8             ; 8               ; 0     ; 0              ; 0            ; 0                ; 0                 ;
; u0|rsp_xbar_mux_001|arb                                                                                                          ; 8     ; 0              ; 4            ; 0              ; 4      ; 0               ; 0             ; 0               ; 0     ; 0              ; 0            ; 0                ; 0                 ;
; u0|rsp_xbar_mux_001                                                                                                              ; 419   ; 0              ; 0            ; 0              ; 108    ; 0               ; 0             ; 0               ; 0     ; 0              ; 0            ; 0                ; 0                 ;
; u0|rsp_xbar_mux|arb|adder                                                                                                        ; 12    ; 6              ; 0            ; 6              ; 6      ; 6               ; 6             ; 6               ; 0     ; 0              ; 0            ; 0                ; 0                 ;
; u0|rsp_xbar_mux|arb                                                                                                              ; 7     ; 0              ; 4            ; 0              ; 3      ; 0               ; 0             ; 0               ; 0     ; 0              ; 0            ; 0                ; 0                 ;
; u0|rsp_xbar_mux                                                                                                                  ; 315   ; 0              ; 0            ; 0              ; 107    ; 0               ; 0             ; 0               ; 0     ; 0              ; 0            ; 0                ; 0                 ;
; u0|rsp_xbar_demux_003                                                                                                            ; 107   ; 1              ; 2            ; 1              ; 105    ; 1               ; 1             ; 1               ; 0     ; 0              ; 0            ; 0                ; 0                 ;
; u0|rsp_xbar_demux_002                                                                                                            ; 108   ; 4              ; 2            ; 4              ; 209    ; 4               ; 4             ; 4               ; 0     ; 0              ; 0            ; 0                ; 0                 ;
; u0|rsp_xbar_demux_001                                                                                                            ; 108   ; 4              ; 2            ; 4              ; 209    ; 4               ; 4             ; 4               ; 0     ; 0              ; 0            ; 0                ; 0                 ;
; u0|rsp_xbar_demux                                                                                                                ; 108   ; 4              ; 2            ; 4              ; 209    ; 4               ; 4             ; 4               ; 0     ; 0              ; 0            ; 0                ; 0                 ;
; u0|cmd_xbar_mux_002|arb|adder                                                                                                    ; 8     ; 2              ; 0            ; 2              ; 4      ; 2               ; 2             ; 2               ; 0     ; 0              ; 0            ; 0                ; 0                 ;
; u0|cmd_xbar_mux_002|arb                                                                                                          ; 6     ; 0              ; 1            ; 0              ; 2      ; 0               ; 0             ; 0               ; 0     ; 0              ; 0            ; 0                ; 0                 ;
; u0|cmd_xbar_mux_002                                                                                                              ; 211   ; 0              ; 0            ; 0              ; 106    ; 0               ; 0             ; 0               ; 0     ; 0              ; 0            ; 0                ; 0                 ;
; u0|cmd_xbar_mux_001|arb|adder                                                                                                    ; 8     ; 2              ; 0            ; 2              ; 4      ; 2               ; 2             ; 2               ; 0     ; 0              ; 0            ; 0                ; 0                 ;
; u0|cmd_xbar_mux_001|arb                                                                                                          ; 6     ; 0              ; 1            ; 0              ; 2      ; 0               ; 0             ; 0               ; 0     ; 0              ; 0            ; 0                ; 0                 ;
; u0|cmd_xbar_mux_001                                                                                                              ; 211   ; 0              ; 0            ; 0              ; 106    ; 0               ; 0             ; 0               ; 0     ; 0              ; 0            ; 0                ; 0                 ;
; u0|cmd_xbar_mux|arb|adder                                                                                                        ; 8     ; 2              ; 0            ; 2              ; 4      ; 2               ; 2             ; 2               ; 0     ; 0              ; 0            ; 0                ; 0                 ;
; u0|cmd_xbar_mux|arb                                                                                                              ; 6     ; 0              ; 1            ; 0              ; 2      ; 0               ; 0             ; 0               ; 0     ; 0              ; 0            ; 0                ; 0                 ;
; u0|cmd_xbar_mux                                                                                                                  ; 211   ; 0              ; 0            ; 0              ; 106    ; 0               ; 0             ; 0               ; 0     ; 0              ; 0            ; 0                ; 0                 ;
; u0|cmd_xbar_demux_001                                                                                                            ; 110   ; 16             ; 2            ; 16             ; 417    ; 16              ; 16            ; 16              ; 0     ; 0              ; 0            ; 0                ; 0                 ;
; u0|cmd_xbar_demux                                                                                                                ; 109   ; 9              ; 2            ; 9              ; 313    ; 9               ; 9             ; 9               ; 0     ; 0              ; 0            ; 0                ; 0                 ;
; u0|rst_controller_002|alt_rst_sync_uq1                                                                                           ; 2     ; 0              ; 0            ; 0              ; 1      ; 0               ; 0             ; 0               ; 0     ; 0              ; 0            ; 0                ; 0                 ;
; u0|rst_controller_002                                                                                                            ; 17    ; 14             ; 0            ; 14             ; 1      ; 14              ; 14            ; 14              ; 0     ; 0              ; 0            ; 0                ; 0                 ;
; u0|rst_controller_001|alt_rst_sync_uq1                                                                                           ; 2     ; 0              ; 0            ; 0              ; 1      ; 0               ; 0             ; 0               ; 0     ; 0              ; 0            ; 0                ; 0                 ;
; u0|rst_controller_001                                                                                                            ; 17    ; 14             ; 0            ; 14             ; 1      ; 14              ; 14            ; 14              ; 0     ; 0              ; 0            ; 0                ; 0                 ;
; u0|rst_controller|alt_rst_sync_uq1                                                                                               ; 2     ; 0              ; 0            ; 0              ; 1      ; 0               ; 0             ; 0               ; 0     ; 0              ; 0            ; 0                ; 0                 ;
; u0|rst_controller                                                                                                                ; 17    ; 15             ; 0            ; 15             ; 1      ; 15              ; 15            ; 15              ; 0     ; 0              ; 0            ; 0                ; 0                 ;
; u0|burst_adapter|altera_merlin_burst_adapter_uncompressed_only.the_ba                                                            ; 89    ; 3              ; 5            ; 3              ; 87     ; 3               ; 3             ; 3               ; 0     ; 0              ; 0            ; 0                ; 0                 ;
; u0|burst_adapter                                                                                                                 ; 89    ; 0              ; 0            ; 0              ; 87     ; 0               ; 0             ; 0               ; 0     ; 0              ; 0            ; 0                ; 0                 ;
; u0|limiter                                                                                                                       ; 188   ; 0              ; 0            ; 0              ; 193    ; 0               ; 0             ; 0               ; 0     ; 0              ; 0            ; 0                ; 0                 ;
; u0|id_router_011|the_default_decode                                                                                              ; 0     ; 11             ; 0            ; 11             ; 11     ; 11              ; 11            ; 11              ; 0     ; 0              ; 0            ; 0                ; 0                 ;
; u0|id_router_011                                                                                                                 ; 87    ; 0              ; 2            ; 0              ; 93     ; 0               ; 0             ; 0               ; 0     ; 0              ; 0            ; 0                ; 0                 ;
; u0|id_router_010|the_default_decode                                                                                              ; 0     ; 11             ; 0            ; 11             ; 11     ; 11              ; 11            ; 11              ; 0     ; 0              ; 0            ; 0                ; 0                 ;
; u0|id_router_010                                                                                                                 ; 87    ; 0              ; 2            ; 0              ; 93     ; 0               ; 0             ; 0               ; 0     ; 0              ; 0            ; 0                ; 0                 ;
; u0|id_router_009|the_default_decode                                                                                              ; 0     ; 11             ; 0            ; 11             ; 11     ; 11              ; 11            ; 11              ; 0     ; 0              ; 0            ; 0                ; 0                 ;
; u0|id_router_009                                                                                                                 ; 87    ; 0              ; 2            ; 0              ; 93     ; 0               ; 0             ; 0               ; 0     ; 0              ; 0            ; 0                ; 0                 ;
; u0|id_router_008|the_default_decode                                                                                              ; 0     ; 11             ; 0            ; 11             ; 11     ; 11              ; 11            ; 11              ; 0     ; 0              ; 0            ; 0                ; 0                 ;
; u0|id_router_008                                                                                                                 ; 87    ; 0              ; 2            ; 0              ; 93     ; 0               ; 0             ; 0               ; 0     ; 0              ; 0            ; 0                ; 0                 ;
; u0|id_router_007|the_default_decode                                                                                              ; 0     ; 11             ; 0            ; 11             ; 11     ; 11              ; 11            ; 11              ; 0     ; 0              ; 0            ; 0                ; 0                 ;
; u0|id_router_007                                                                                                                 ; 87    ; 0              ; 2            ; 0              ; 93     ; 0               ; 0             ; 0               ; 0     ; 0              ; 0            ; 0                ; 0                 ;
; u0|id_router_006|the_default_decode                                                                                              ; 0     ; 11             ; 0            ; 11             ; 11     ; 11              ; 11            ; 11              ; 0     ; 0              ; 0            ; 0                ; 0                 ;
; u0|id_router_006                                                                                                                 ; 87    ; 0              ; 2            ; 0              ; 93     ; 0               ; 0             ; 0               ; 0     ; 0              ; 0            ; 0                ; 0                 ;
; u0|id_router_005|the_default_decode                                                                                              ; 0     ; 11             ; 0            ; 11             ; 11     ; 11              ; 11            ; 11              ; 0     ; 0              ; 0            ; 0                ; 0                 ;
; u0|id_router_005                                                                                                                 ; 87    ; 0              ; 2            ; 0              ; 93     ; 0               ; 0             ; 0               ; 0     ; 0              ; 0            ; 0                ; 0                 ;
; u0|id_router_004|the_default_decode                                                                                              ; 0     ; 11             ; 0            ; 11             ; 11     ; 11              ; 11            ; 11              ; 0     ; 0              ; 0            ; 0                ; 0                 ;
; u0|id_router_004                                                                                                                 ; 87    ; 0              ; 2            ; 0              ; 93     ; 0               ; 0             ; 0               ; 0     ; 0              ; 0            ; 0                ; 0                 ;
; u0|addr_router_002|the_default_decode                                                                                            ; 0     ; 11             ; 0            ; 11             ; 11     ; 11              ; 11            ; 11              ; 0     ; 0              ; 0            ; 0                ; 0                 ;
; u0|addr_router_002                                                                                                               ; 87    ; 0              ; 5            ; 0              ; 93     ; 0               ; 0             ; 0               ; 0     ; 0              ; 0            ; 0                ; 0                 ;
; u0|id_router_003|the_default_decode                                                                                              ; 0     ; 6              ; 0            ; 6              ; 6      ; 6               ; 6             ; 6               ; 0     ; 0              ; 0            ; 0                ; 0                 ;
; u0|id_router_003                                                                                                                 ; 103   ; 0              ; 2            ; 0              ; 105    ; 0               ; 0             ; 0               ; 0     ; 0              ; 0            ; 0                ; 0                 ;
; u0|id_router_002|the_default_decode                                                                                              ; 0     ; 6              ; 0            ; 6              ; 6      ; 6               ; 6             ; 6               ; 0     ; 0              ; 0            ; 0                ; 0                 ;
; u0|id_router_002                                                                                                                 ; 103   ; 0              ; 2            ; 0              ; 105    ; 0               ; 0             ; 0               ; 0     ; 0              ; 0            ; 0                ; 0                 ;
; u0|id_router_001|the_default_decode                                                                                              ; 0     ; 6              ; 0            ; 6              ; 6      ; 6               ; 6             ; 6               ; 0     ; 0              ; 0            ; 0                ; 0                 ;
; u0|id_router_001                                                                                                                 ; 85    ; 0              ; 2            ; 0              ; 87     ; 0               ; 0             ; 0               ; 0     ; 0              ; 0            ; 0                ; 0                 ;
; u0|id_router|the_default_decode                                                                                                  ; 0     ; 6              ; 0            ; 6              ; 6      ; 6               ; 6             ; 6               ; 0     ; 0              ; 0            ; 0                ; 0                 ;
; u0|id_router                                                                                                                     ; 103   ; 0              ; 2            ; 0              ; 105    ; 0               ; 0             ; 0               ; 0     ; 0              ; 0            ; 0                ; 0                 ;
; u0|addr_router_001|the_default_decode                                                                                            ; 0     ; 6              ; 0            ; 6              ; 6      ; 6               ; 6             ; 6               ; 0     ; 0              ; 0            ; 0                ; 0                 ;
; u0|addr_router_001                                                                                                               ; 103   ; 0              ; 4            ; 0              ; 105    ; 0               ; 0             ; 0               ; 0     ; 0              ; 0            ; 0                ; 0                 ;
; u0|addr_router|the_default_decode                                                                                                ; 0     ; 6              ; 0            ; 6              ; 6      ; 6               ; 6             ; 6               ; 0     ; 0              ; 0            ; 0                ; 0                 ;
; u0|addr_router                                                                                                                   ; 103   ; 0              ; 4            ; 0              ; 105    ; 0               ; 0             ; 0               ; 0     ; 0              ; 0            ; 0                ; 0                 ;
; u0|seg7_s1_translator_avalon_universal_slave_0_agent_rdata_fifo                                                                  ; 79    ; 41             ; 0            ; 41             ; 36     ; 41              ; 41            ; 41              ; 0     ; 0              ; 0            ; 0                ; 0                 ;
; u0|seg7_s1_translator_avalon_universal_slave_0_agent_rsp_fifo                                                                    ; 127   ; 39             ; 0            ; 39             ; 86     ; 39              ; 39            ; 39              ; 0     ; 0              ; 0            ; 0                ; 0                 ;
; u0|seg7_s1_translator_avalon_universal_slave_0_agent|uncompressor                                                                ; 24    ; 1              ; 0            ; 1              ; 22     ; 1               ; 1             ; 1               ; 0     ; 0              ; 0            ; 0                ; 0                 ;
; u0|seg7_s1_translator_avalon_universal_slave_0_agent                                                                             ; 254   ; 39             ; 45           ; 39             ; 260    ; 39              ; 39            ; 39              ; 0     ; 0              ; 0            ; 0                ; 0                 ;
; u0|button_s1_translator_avalon_universal_slave_0_agent_rdata_fifo                                                                ; 79    ; 41             ; 0            ; 41             ; 36     ; 41              ; 41            ; 41              ; 0     ; 0              ; 0            ; 0                ; 0                 ;
; u0|button_s1_translator_avalon_universal_slave_0_agent_rsp_fifo                                                                  ; 127   ; 39             ; 0            ; 39             ; 86     ; 39              ; 39            ; 39              ; 0     ; 0              ; 0            ; 0                ; 0                 ;
; u0|button_s1_translator_avalon_universal_slave_0_agent|uncompressor                                                              ; 24    ; 1              ; 0            ; 1              ; 22     ; 1               ; 1             ; 1               ; 0     ; 0              ; 0            ; 0                ; 0                 ;
; u0|button_s1_translator_avalon_universal_slave_0_agent                                                                           ; 254   ; 39             ; 45           ; 39             ; 260    ; 39              ; 39            ; 39              ; 0     ; 0              ; 0            ; 0                ; 0                 ;
; u0|switch_s1_translator_avalon_universal_slave_0_agent_rdata_fifo                                                                ; 79    ; 41             ; 0            ; 41             ; 36     ; 41              ; 41            ; 41              ; 0     ; 0              ; 0            ; 0                ; 0                 ;
; u0|switch_s1_translator_avalon_universal_slave_0_agent_rsp_fifo                                                                  ; 127   ; 39             ; 0            ; 39             ; 86     ; 39              ; 39            ; 39              ; 0     ; 0              ; 0            ; 0                ; 0                 ;
; u0|switch_s1_translator_avalon_universal_slave_0_agent|uncompressor                                                              ; 24    ; 1              ; 0            ; 1              ; 22     ; 1               ; 1             ; 1               ; 0     ; 0              ; 0            ; 0                ; 0                 ;
; u0|switch_s1_translator_avalon_universal_slave_0_agent                                                                           ; 254   ; 39             ; 45           ; 39             ; 260    ; 39              ; 39            ; 39              ; 0     ; 0              ; 0            ; 0                ; 0                 ;
; u0|led_s1_translator_avalon_universal_slave_0_agent_rdata_fifo                                                                   ; 79    ; 41             ; 0            ; 41             ; 36     ; 41              ; 41            ; 41              ; 0     ; 0              ; 0            ; 0                ; 0                 ;
; u0|led_s1_translator_avalon_universal_slave_0_agent_rsp_fifo                                                                     ; 127   ; 39             ; 0            ; 39             ; 86     ; 39              ; 39            ; 39              ; 0     ; 0              ; 0            ; 0                ; 0                 ;
; u0|led_s1_translator_avalon_universal_slave_0_agent|uncompressor                                                                 ; 24    ; 1              ; 0            ; 1              ; 22     ; 1               ; 1             ; 1               ; 0     ; 0              ; 0            ; 0                ; 0                 ;
; u0|led_s1_translator_avalon_universal_slave_0_agent                                                                              ; 254   ; 39             ; 45           ; 39             ; 260    ; 39              ; 39            ; 39              ; 0     ; 0              ; 0            ; 0                ; 0                 ;
; u0|seg7_timer_s1_translator_avalon_universal_slave_0_agent_rdata_fifo                                                            ; 79    ; 41             ; 0            ; 41             ; 36     ; 41              ; 41            ; 41              ; 0     ; 0              ; 0            ; 0                ; 0                 ;
; u0|seg7_timer_s1_translator_avalon_universal_slave_0_agent_rsp_fifo                                                              ; 127   ; 39             ; 0            ; 39             ; 86     ; 39              ; 39            ; 39              ; 0     ; 0              ; 0            ; 0                ; 0                 ;
; u0|seg7_timer_s1_translator_avalon_universal_slave_0_agent|uncompressor                                                          ; 24    ; 1              ; 0            ; 1              ; 22     ; 1               ; 1             ; 1               ; 0     ; 0              ; 0            ; 0                ; 0                 ;
; u0|seg7_timer_s1_translator_avalon_universal_slave_0_agent                                                                       ; 254   ; 39             ; 45           ; 39             ; 260    ; 39              ; 39            ; 39              ; 0     ; 0              ; 0            ; 0                ; 0                 ;
; u0|floor_timer_s1_translator_avalon_universal_slave_0_agent_rdata_fifo                                                           ; 79    ; 41             ; 0            ; 41             ; 36     ; 41              ; 41            ; 41              ; 0     ; 0              ; 0            ; 0                ; 0                 ;
; u0|floor_timer_s1_translator_avalon_universal_slave_0_agent_rsp_fifo                                                             ; 127   ; 39             ; 0            ; 39             ; 86     ; 39              ; 39            ; 39              ; 0     ; 0              ; 0            ; 0                ; 0                 ;
; u0|floor_timer_s1_translator_avalon_universal_slave_0_agent|uncompressor                                                         ; 24    ; 1              ; 0            ; 1              ; 22     ; 1               ; 1             ; 1               ; 0     ; 0              ; 0            ; 0                ; 0                 ;
; u0|floor_timer_s1_translator_avalon_universal_slave_0_agent                                                                      ; 254   ; 39             ; 45           ; 39             ; 260    ; 39              ; 39            ; 39              ; 0     ; 0              ; 0            ; 0                ; 0                 ;
; u0|sys_timer_s1_translator_avalon_universal_slave_0_agent_rdata_fifo                                                             ; 79    ; 41             ; 0            ; 41             ; 36     ; 41              ; 41            ; 41              ; 0     ; 0              ; 0            ; 0                ; 0                 ;
; u0|sys_timer_s1_translator_avalon_universal_slave_0_agent_rsp_fifo                                                               ; 127   ; 39             ; 0            ; 39             ; 86     ; 39              ; 39            ; 39              ; 0     ; 0              ; 0            ; 0                ; 0                 ;
; u0|sys_timer_s1_translator_avalon_universal_slave_0_agent|uncompressor                                                           ; 24    ; 1              ; 0            ; 1              ; 22     ; 1               ; 1             ; 1               ; 0     ; 0              ; 0            ; 0                ; 0                 ;
; u0|sys_timer_s1_translator_avalon_universal_slave_0_agent                                                                        ; 254   ; 39             ; 45           ; 39             ; 260    ; 39              ; 39            ; 39              ; 0     ; 0              ; 0            ; 0                ; 0                 ;
; u0|jtag_uart_avalon_jtag_slave_translator_avalon_universal_slave_0_agent_rdata_fifo                                              ; 79    ; 41             ; 0            ; 41             ; 36     ; 41              ; 41            ; 41              ; 0     ; 0              ; 0            ; 0                ; 0                 ;
; u0|jtag_uart_avalon_jtag_slave_translator_avalon_universal_slave_0_agent_rsp_fifo                                                ; 127   ; 39             ; 0            ; 39             ; 86     ; 39              ; 39            ; 39              ; 0     ; 0              ; 0            ; 0                ; 0                 ;
; u0|jtag_uart_avalon_jtag_slave_translator_avalon_universal_slave_0_agent|uncompressor                                            ; 24    ; 1              ; 0            ; 1              ; 22     ; 1               ; 1             ; 1               ; 0     ; 0              ; 0            ; 0                ; 0                 ;
; u0|jtag_uart_avalon_jtag_slave_translator_avalon_universal_slave_0_agent                                                         ; 254   ; 39             ; 45           ; 39             ; 260    ; 39              ; 39            ; 39              ; 0     ; 0              ; 0            ; 0                ; 0                 ;
; u0|apb_m0_translator_avalon_universal_master_0_agent                                                                             ; 149   ; 33             ; 60           ; 33             ; 119    ; 33              ; 33            ; 33              ; 0     ; 0              ; 0            ; 0                ; 0                 ;
; u0|pll_pll_slave_translator_avalon_universal_slave_0_agent_rdata_fifo                                                            ; 79    ; 41             ; 0            ; 41             ; 36     ; 41              ; 41            ; 41              ; 0     ; 0              ; 0            ; 0                ; 0                 ;
; u0|pll_pll_slave_translator_avalon_universal_slave_0_agent_rsp_fifo                                                              ; 143   ; 39             ; 0            ; 39             ; 102    ; 39              ; 39            ; 39              ; 0     ; 0              ; 0            ; 0                ; 0                 ;
; u0|pll_pll_slave_translator_avalon_universal_slave_0_agent|uncompressor                                                          ; 42    ; 1              ; 0            ; 1              ; 40     ; 1               ; 1             ; 1               ; 0     ; 0              ; 0            ; 0                ; 0                 ;
; u0|pll_pll_slave_translator_avalon_universal_slave_0_agent                                                                       ; 282   ; 39             ; 41           ; 39             ; 308    ; 39              ; 39            ; 39              ; 0     ; 0              ; 0            ; 0                ; 0                 ;
; u0|apb_s0_translator_avalon_universal_slave_0_agent_rsp_fifo                                                                     ; 143   ; 39             ; 0            ; 39             ; 102    ; 39              ; 39            ; 39              ; 0     ; 0              ; 0            ; 0                ; 0                 ;
; u0|apb_s0_translator_avalon_universal_slave_0_agent|uncompressor                                                                 ; 42    ; 1              ; 0            ; 1              ; 40     ; 1               ; 1             ; 1               ; 0     ; 0              ; 0            ; 0                ; 0                 ;
; u0|apb_s0_translator_avalon_universal_slave_0_agent                                                                              ; 282   ; 39             ; 41           ; 39             ; 308    ; 39              ; 39            ; 39              ; 0     ; 0              ; 0            ; 0                ; 0                 ;
; u0|sdram_s1_translator_avalon_universal_slave_0_agent_rdata_fifo                                                                 ; 63    ; 41             ; 0            ; 41             ; 20     ; 41              ; 41            ; 41              ; 0     ; 0              ; 0            ; 0                ; 0                 ;
; u0|sdram_s1_translator_avalon_universal_slave_0_agent_rsp_fifo                                                                   ; 125   ; 39             ; 0            ; 39             ; 84     ; 39              ; 39            ; 39              ; 0     ; 0              ; 0            ; 0                ; 0                 ;
; u0|sdram_s1_translator_avalon_universal_slave_0_agent|uncompressor                                                               ; 42    ; 1              ; 0            ; 1              ; 40     ; 1               ; 1             ; 1               ; 0     ; 0              ; 0            ; 0                ; 0                 ;
; u0|sdram_s1_translator_avalon_universal_slave_0_agent                                                                            ; 214   ; 22             ; 25           ; 22             ; 237    ; 22              ; 22            ; 22              ; 0     ; 0              ; 0            ; 0                ; 0                 ;
; u0|nios2cpu_jtag_debug_module_translator_avalon_universal_slave_0_agent_rsp_fifo                                                 ; 143   ; 39             ; 0            ; 39             ; 102    ; 39              ; 39            ; 39              ; 0     ; 0              ; 0            ; 0                ; 0                 ;
; u0|nios2cpu_jtag_debug_module_translator_avalon_universal_slave_0_agent|uncompressor                                             ; 42    ; 1              ; 0            ; 1              ; 40     ; 1               ; 1             ; 1               ; 0     ; 0              ; 0            ; 0                ; 0                 ;
; u0|nios2cpu_jtag_debug_module_translator_avalon_universal_slave_0_agent                                                          ; 282   ; 39             ; 41           ; 39             ; 308    ; 39              ; 39            ; 39              ; 0     ; 0              ; 0            ; 0                ; 0                 ;
; u0|nios2cpu_data_master_translator_avalon_universal_master_0_agent                                                               ; 177   ; 33             ; 72           ; 33             ; 135    ; 33              ; 33            ; 33              ; 0     ; 0              ; 0            ; 0                ; 0                 ;
; u0|nios2cpu_instruction_master_translator_avalon_universal_master_0_agent                                                        ; 177   ; 33             ; 72           ; 33             ; 135    ; 33              ; 33            ; 33              ; 0     ; 0              ; 0            ; 0                ; 0                 ;
; u0|seg7_s1_translator                                                                                                            ; 94    ; 7              ; 11           ; 7              ; 70     ; 7               ; 7             ; 7               ; 0     ; 0              ; 0            ; 0                ; 0                 ;
; u0|button_s1_translator                                                                                                          ; 94    ; 7              ; 11           ; 7              ; 70     ; 7               ; 7             ; 7               ; 0     ; 0              ; 0            ; 0                ; 0                 ;
; u0|switch_s1_translator                                                                                                          ; 94    ; 7              ; 11           ; 7              ; 36     ; 7               ; 7             ; 7               ; 0     ; 0              ; 0            ; 0                ; 0                 ;
; u0|led_s1_translator                                                                                                             ; 94    ; 7              ; 11           ; 7              ; 70     ; 7               ; 7             ; 7               ; 0     ; 0              ; 0            ; 0                ; 0                 ;
; u0|seg7_timer_s1_translator                                                                                                      ; 78    ; 23             ; 26           ; 23             ; 55     ; 23              ; 23            ; 23              ; 0     ; 0              ; 0            ; 0                ; 0                 ;
; u0|floor_timer_s1_translator                                                                                                     ; 78    ; 23             ; 26           ; 23             ; 55     ; 23              ; 23            ; 23              ; 0     ; 0              ; 0            ; 0                ; 0                 ;
; u0|sys_timer_s1_translator                                                                                                       ; 78    ; 23             ; 26           ; 23             ; 55     ; 23              ; 23            ; 23              ; 0     ; 0              ; 0            ; 0                ; 0                 ;
; u0|jtag_uart_avalon_jtag_slave_translator                                                                                        ; 94    ; 6              ; 12           ; 6              ; 70     ; 6               ; 6             ; 6               ; 0     ; 0              ; 0            ; 0                ; 0                 ;
; u0|apb_m0_translator                                                                                                             ; 95    ; 11             ; 2            ; 11             ; 87     ; 11              ; 11            ; 11              ; 0     ; 0              ; 0            ; 0                ; 0                 ;
; u0|pll_pll_slave_translator                                                                                                      ; 110   ; 7              ; 24           ; 7              ; 70     ; 7               ; 7             ; 7               ; 0     ; 0              ; 0            ; 0                ; 0                 ;
; u0|apb_s0_translator                                                                                                             ; 110   ; 5              ; 16           ; 5              ; 84     ; 5               ; 5             ; 5               ; 0     ; 0              ; 0            ; 0                ; 0                 ;
; u0|sdram_s1_translator                                                                                                           ; 75    ; 5              ; 4            ; 5              ; 61     ; 5               ; 5             ; 5               ; 0     ; 0              ; 0            ; 0                ; 0                 ;
; u0|nios2cpu_jtag_debug_module_translator                                                                                         ; 110   ; 6              ; 17           ; 6              ; 82     ; 6               ; 6             ; 6               ; 0     ; 0              ; 0            ; 0                ; 0                 ;
; u0|nios2cpu_data_master_translator                                                                                               ; 111   ; 13             ; 0            ; 13             ; 102    ; 13              ; 13            ; 13              ; 0     ; 0              ; 0            ; 0                ; 0                 ;
; u0|nios2cpu_instruction_master_translator                                                                                        ; 111   ; 52             ; 0            ; 52             ; 102    ; 52              ; 52            ; 52              ; 0     ; 0              ; 0            ; 0                ; 0                 ;
; u0|seg7                                                                                                                          ; 38    ; 16             ; 16           ; 16             ; 48     ; 16              ; 16            ; 16              ; 0     ; 0              ; 0            ; 0                ; 0                 ;
; u0|button                                                                                                                        ; 40    ; 0              ; 32           ; 0              ; 32     ; 0               ; 0             ; 0               ; 0     ; 0              ; 0            ; 0                ; 0                 ;
; u0|switch                                                                                                                        ; 10    ; 0              ; 0            ; 0              ; 32     ; 0               ; 0             ; 0               ; 0     ; 0              ; 0            ; 0                ; 0                 ;
; u0|led                                                                                                                           ; 38    ; 22             ; 22           ; 22             ; 42     ; 22              ; 22            ; 22              ; 0     ; 0              ; 0            ; 0                ; 0                 ;
; u0|seg7_timer                                                                                                                    ; 23    ; 0              ; 0            ; 0              ; 17     ; 0               ; 0             ; 0               ; 0     ; 0              ; 0            ; 0                ; 0                 ;
; u0|floor_timer                                                                                                                   ; 23    ; 0              ; 0            ; 0              ; 17     ; 0               ; 0             ; 0               ; 0     ; 0              ; 0            ; 0                ; 0                 ;
; u0|sys_timer                                                                                                                     ; 23    ; 0              ; 0            ; 0              ; 17     ; 0               ; 0             ; 0               ; 0     ; 0              ; 0            ; 0                ; 0                 ;
; u0|jtag_uart|the_qsys_jtag_uart_scfifo_r|rfifo|auto_generated|dpfifo|wr_ptr                                                      ; 4     ; 0              ; 0            ; 0              ; 6      ; 0               ; 0             ; 0               ; 0     ; 0              ; 0            ; 0                ; 0                 ;
; u0|jtag_uart|the_qsys_jtag_uart_scfifo_r|rfifo|auto_generated|dpfifo|rd_ptr_count                                                ; 4     ; 0              ; 0            ; 0              ; 6      ; 0               ; 0             ; 0               ; 0     ; 0              ; 0            ; 0                ; 0                 ;
; u0|jtag_uart|the_qsys_jtag_uart_scfifo_r|rfifo|auto_generated|dpfifo|FIFOram|altsyncram1                                         ; 24    ; 0              ; 0            ; 0              ; 8      ; 0               ; 0             ; 0               ; 0     ; 0              ; 0            ; 0                ; 0                 ;
; u0|jtag_uart|the_qsys_jtag_uart_scfifo_r|rfifo|auto_generated|dpfifo|FIFOram                                                     ; 24    ; 0              ; 0            ; 0              ; 8      ; 0               ; 0             ; 0               ; 0     ; 0              ; 0            ; 0                ; 0                 ;
; u0|jtag_uart|the_qsys_jtag_uart_scfifo_r|rfifo|auto_generated|dpfifo|fifo_state|count_usedw                                      ; 5     ; 0              ; 0            ; 0              ; 6      ; 0               ; 0             ; 0               ; 0     ; 0              ; 0            ; 0                ; 0                 ;
; u0|jtag_uart|the_qsys_jtag_uart_scfifo_r|rfifo|auto_generated|dpfifo|fifo_state                                                  ; 5     ; 0              ; 0            ; 0              ; 8      ; 0               ; 0             ; 0               ; 0     ; 0              ; 0            ; 0                ; 0                 ;
; u0|jtag_uart|the_qsys_jtag_uart_scfifo_r|rfifo|auto_generated|dpfifo                                                             ; 13    ; 0              ; 0            ; 0              ; 16     ; 0               ; 0             ; 0               ; 0     ; 0              ; 0            ; 0                ; 0                 ;
; u0|jtag_uart|the_qsys_jtag_uart_scfifo_r|rfifo|auto_generated                                                                    ; 12    ; 0              ; 0            ; 0              ; 16     ; 0               ; 0             ; 0               ; 0     ; 0              ; 0            ; 0                ; 0                 ;
; u0|jtag_uart|the_qsys_jtag_uart_scfifo_r                                                                                         ; 13    ; 0              ; 1            ; 0              ; 16     ; 0               ; 0             ; 0               ; 0     ; 0              ; 0            ; 0                ; 0                 ;
; u0|jtag_uart|the_qsys_jtag_uart_scfifo_w|wfifo|auto_generated|dpfifo|wr_ptr                                                      ; 4     ; 0              ; 0            ; 0              ; 6      ; 0               ; 0             ; 0               ; 0     ; 0              ; 0            ; 0                ; 0                 ;
; u0|jtag_uart|the_qsys_jtag_uart_scfifo_w|wfifo|auto_generated|dpfifo|rd_ptr_count                                                ; 4     ; 0              ; 0            ; 0              ; 6      ; 0               ; 0             ; 0               ; 0     ; 0              ; 0            ; 0                ; 0                 ;
; u0|jtag_uart|the_qsys_jtag_uart_scfifo_w|wfifo|auto_generated|dpfifo|FIFOram|altsyncram1                                         ; 24    ; 0              ; 0            ; 0              ; 8      ; 0               ; 0             ; 0               ; 0     ; 0              ; 0            ; 0                ; 0                 ;
; u0|jtag_uart|the_qsys_jtag_uart_scfifo_w|wfifo|auto_generated|dpfifo|FIFOram                                                     ; 24    ; 0              ; 0            ; 0              ; 8      ; 0               ; 0             ; 0               ; 0     ; 0              ; 0            ; 0                ; 0                 ;
; u0|jtag_uart|the_qsys_jtag_uart_scfifo_w|wfifo|auto_generated|dpfifo|fifo_state|count_usedw                                      ; 5     ; 0              ; 0            ; 0              ; 6      ; 0               ; 0             ; 0               ; 0     ; 0              ; 0            ; 0                ; 0                 ;
; u0|jtag_uart|the_qsys_jtag_uart_scfifo_w|wfifo|auto_generated|dpfifo|fifo_state                                                  ; 5     ; 0              ; 0            ; 0              ; 8      ; 0               ; 0             ; 0               ; 0     ; 0              ; 0            ; 0                ; 0                 ;
; u0|jtag_uart|the_qsys_jtag_uart_scfifo_w|wfifo|auto_generated|dpfifo                                                             ; 13    ; 0              ; 0            ; 0              ; 16     ; 0               ; 0             ; 0               ; 0     ; 0              ; 0            ; 0                ; 0                 ;
; u0|jtag_uart|the_qsys_jtag_uart_scfifo_w|wfifo|auto_generated                                                                    ; 12    ; 0              ; 0            ; 0              ; 16     ; 0               ; 0             ; 0               ; 0     ; 0              ; 0            ; 0                ; 0                 ;
; u0|jtag_uart|the_qsys_jtag_uart_scfifo_w                                                                                         ; 12    ; 0              ; 0            ; 0              ; 16     ; 0               ; 0             ; 0               ; 0     ; 0              ; 0            ; 0                ; 0                 ;
; u0|jtag_uart                                                                                                                     ; 38    ; 10             ; 23           ; 10             ; 34     ; 10              ; 10            ; 10              ; 0     ; 0              ; 0            ; 0                ; 0                 ;
; u0|apb                                                                                                                           ; 86    ; 0              ; 0            ; 0              ; 84     ; 0               ; 0             ; 0               ; 0     ; 0              ; 0            ; 0                ; 0                 ;
; u0|nios2cpu|the_qsys_nios2cpu_nios2_oci|the_qsys_nios2cpu_jtag_debug_module_wrapper|the_qsys_nios2cpu_jtag_debug_module_sysclk   ; 43    ; 0              ; 0            ; 0              ; 51     ; 0               ; 0             ; 0               ; 0     ; 0              ; 0            ; 0                ; 0                 ;
; u0|nios2cpu|the_qsys_nios2cpu_nios2_oci|the_qsys_nios2cpu_jtag_debug_module_wrapper|the_qsys_nios2cpu_jtag_debug_module_tck      ; 130   ; 0              ; 1            ; 0              ; 43     ; 0               ; 0             ; 0               ; 0     ; 0              ; 0            ; 0                ; 0                 ;
; u0|nios2cpu|the_qsys_nios2cpu_nios2_oci|the_qsys_nios2cpu_jtag_debug_module_wrapper                                              ; 123   ; 0              ; 0            ; 0              ; 53     ; 0               ; 0             ; 0               ; 0     ; 0              ; 0            ; 0                ; 0                 ;
; u0|nios2cpu|the_qsys_nios2cpu_nios2_oci|the_qsys_nios2cpu_nios2_oci_im                                                           ; 97    ; 36             ; 93           ; 36             ; 48     ; 36              ; 36            ; 36              ; 0     ; 0              ; 0            ; 0                ; 0                 ;
; u0|nios2cpu|the_qsys_nios2cpu_nios2_oci|the_qsys_nios2cpu_nios2_oci_pib                                                          ; 39    ; 20             ; 38           ; 20             ; 19     ; 20              ; 20            ; 20              ; 0     ; 0              ; 0            ; 0                ; 0                 ;
; u0|nios2cpu|the_qsys_nios2cpu_nios2_oci|the_qsys_nios2cpu_nios2_oci_fifo|the_qsys_nios2cpu_oci_test_bench                        ; 36    ; 0              ; 36           ; 0              ; 0      ; 0               ; 0             ; 0               ; 0     ; 0              ; 0            ; 0                ; 0                 ;
; u0|nios2cpu|the_qsys_nios2cpu_nios2_oci|the_qsys_nios2cpu_nios2_oci_fifo|qsys_nios2cpu_nios2_oci_fifocount_inc_fifocount         ; 5     ; 0              ; 0            ; 0              ; 5      ; 0               ; 0             ; 0               ; 0     ; 0              ; 0            ; 0                ; 0                 ;
; u0|nios2cpu|the_qsys_nios2cpu_nios2_oci|the_qsys_nios2cpu_nios2_oci_fifo|qsys_nios2cpu_nios2_oci_fifowp_inc_fifowp               ; 4     ; 2              ; 0            ; 2              ; 4      ; 2               ; 2             ; 2               ; 0     ; 0              ; 0            ; 0                ; 0                 ;
; u0|nios2cpu|the_qsys_nios2cpu_nios2_oci|the_qsys_nios2cpu_nios2_oci_fifo|qsys_nios2cpu_nios2_oci_compute_tm_count_tm_count       ; 3     ; 0              ; 0            ; 0              ; 2      ; 0               ; 0             ; 0               ; 0     ; 0              ; 0            ; 0                ; 0                 ;
; u0|nios2cpu|the_qsys_nios2cpu_nios2_oci|the_qsys_nios2cpu_nios2_oci_fifo                                                         ; 151   ; 0              ; 65           ; 0              ; 36     ; 0               ; 0             ; 0               ; 0     ; 0              ; 0            ; 0                ; 0                 ;
; u0|nios2cpu|the_qsys_nios2cpu_nios2_oci|the_qsys_nios2cpu_nios2_oci_dtrace|qsys_nios2cpu_nios2_oci_trc_ctrl_td_mode              ; 9     ; 0              ; 6            ; 0              ; 4      ; 0               ; 0             ; 0               ; 0     ; 0              ; 0            ; 0                ; 0                 ;
; u0|nios2cpu|the_qsys_nios2cpu_nios2_oci|the_qsys_nios2cpu_nios2_oci_dtrace                                                       ; 111   ; 0              ; 100          ; 0              ; 72     ; 0               ; 0             ; 0               ; 0     ; 0              ; 0            ; 0                ; 0                 ;
; u0|nios2cpu|the_qsys_nios2cpu_nios2_oci|the_qsys_nios2cpu_nios2_oci_itrace                                                       ; 25    ; 17             ; 23           ; 17             ; 87     ; 17              ; 17            ; 17              ; 0     ; 0              ; 0            ; 0                ; 0                 ;
; u0|nios2cpu|the_qsys_nios2cpu_nios2_oci|the_qsys_nios2cpu_nios2_oci_dbrk                                                         ; 96    ; 0              ; 0            ; 0              ; 100    ; 0               ; 0             ; 0               ; 0     ; 0              ; 0            ; 0                ; 0                 ;
; u0|nios2cpu|the_qsys_nios2cpu_nios2_oci|the_qsys_nios2cpu_nios2_oci_xbrk                                                         ; 62    ; 5              ; 59           ; 5              ; 6      ; 5               ; 5             ; 5               ; 0     ; 0              ; 0            ; 0                ; 0                 ;
; u0|nios2cpu|the_qsys_nios2cpu_nios2_oci|the_qsys_nios2cpu_nios2_oci_break                                                        ; 52    ; 36             ; 6            ; 36             ; 71     ; 36              ; 36            ; 36              ; 0     ; 0              ; 0            ; 0                ; 0                 ;
; u0|nios2cpu|the_qsys_nios2cpu_nios2_oci|the_qsys_nios2cpu_nios2_avalon_reg                                                       ; 48    ; 0              ; 28           ; 0              ; 68     ; 0               ; 0             ; 0               ; 0     ; 0              ; 0            ; 0                ; 0                 ;
; u0|nios2cpu|the_qsys_nios2cpu_nios2_oci|the_qsys_nios2cpu_nios2_ocimem|qsys_nios2cpu_ociram_sp_ram|the_altsyncram|auto_generated ; 46    ; 0              ; 0            ; 0              ; 32     ; 0               ; 0             ; 0               ; 0     ; 0              ; 0            ; 0                ; 0                 ;
; u0|nios2cpu|the_qsys_nios2cpu_nios2_oci|the_qsys_nios2cpu_nios2_ocimem|qsys_nios2cpu_ociram_sp_ram                               ; 46    ; 0              ; 0            ; 0              ; 32     ; 0               ; 0             ; 0               ; 0     ; 0              ; 0            ; 0                ; 0                 ;
; u0|nios2cpu|the_qsys_nios2cpu_nios2_oci|the_qsys_nios2cpu_nios2_ocimem                                                           ; 91    ; 0              ; 6            ; 0              ; 65     ; 0               ; 0             ; 0               ; 0     ; 0              ; 0            ; 0                ; 0                 ;
; u0|nios2cpu|the_qsys_nios2cpu_nios2_oci|the_qsys_nios2cpu_nios2_oci_debug                                                        ; 50    ; 1              ; 30           ; 1              ; 7      ; 1               ; 1             ; 1               ; 0     ; 0              ; 0            ; 0                ; 0                 ;
; u0|nios2cpu|the_qsys_nios2cpu_nios2_oci                                                                                          ; 173   ; 0              ; 0            ; 0              ; 69     ; 0               ; 0             ; 0               ; 0     ; 0              ; 0            ; 0                ; 0                 ;
; u0|nios2cpu|qsys_nios2cpu_register_bank_b|the_altsyncram|auto_generated                                                          ; 44    ; 0              ; 0            ; 0              ; 32     ; 0               ; 0             ; 0               ; 0     ; 0              ; 0            ; 0                ; 0                 ;
; u0|nios2cpu|qsys_nios2cpu_register_bank_b                                                                                        ; 44    ; 0              ; 0            ; 0              ; 32     ; 0               ; 0             ; 0               ; 0     ; 0              ; 0            ; 0                ; 0                 ;
; u0|nios2cpu|qsys_nios2cpu_register_bank_a|the_altsyncram|auto_generated                                                          ; 44    ; 0              ; 0            ; 0              ; 32     ; 0               ; 0             ; 0               ; 0     ; 0              ; 0            ; 0                ; 0                 ;
; u0|nios2cpu|qsys_nios2cpu_register_bank_a                                                                                        ; 44    ; 0              ; 0            ; 0              ; 32     ; 0               ; 0             ; 0               ; 0     ; 0              ; 0            ; 0                ; 0                 ;
; u0|nios2cpu|the_qsys_nios2cpu_test_bench                                                                                         ; 296   ; 3              ; 259          ; 3              ; 34     ; 3               ; 3             ; 3               ; 0     ; 0              ; 0            ; 0                ; 0                 ;
; u0|nios2cpu                                                                                                                      ; 148   ; 0              ; 28           ; 0              ; 126    ; 0               ; 0             ; 0               ; 0     ; 0              ; 0            ; 0                ; 0                 ;
; u0|sdram|the_qsys_sdram_input_efifo_module                                                                                       ; 45    ; 0              ; 0            ; 0              ; 45     ; 0               ; 0             ; 0               ; 0     ; 0              ; 0            ; 0                ; 0                 ;
; u0|sdram                                                                                                                         ; 45    ; 1              ; 1            ; 1              ; 39     ; 1               ; 1             ; 1               ; 16    ; 0              ; 0            ; 0                ; 0                 ;
; u0|pll|sd1                                                                                                                       ; 3     ; 1              ; 0            ; 1              ; 6      ; 1               ; 1             ; 1               ; 0     ; 0              ; 0            ; 0                ; 0                 ;
; u0|pll|stdsync2|dffpipe3                                                                                                         ; 3     ; 0              ; 0            ; 0              ; 1      ; 0               ; 0             ; 0               ; 0     ; 0              ; 0            ; 0                ; 0                 ;
; u0|pll|stdsync2                                                                                                                  ; 3     ; 0              ; 0            ; 0              ; 1      ; 0               ; 0             ; 0               ; 0     ; 0              ; 0            ; 0                ; 0                 ;
; u0|pll                                                                                                                           ; 39    ; 31             ; 30           ; 31             ; 37     ; 31              ; 31            ; 31              ; 0     ; 0              ; 0            ; 0                ; 0                 ;
; u0                                                                                                                               ; 11    ; 1              ; 0            ; 1              ; 48     ; 1               ; 1             ; 1               ; 16    ; 0              ; 0            ; 0                ; 0                 ;
; button_debouncer_inst2                                                                                                           ; 3     ; 1              ; 0            ; 1              ; 1      ; 1               ; 1             ; 1               ; 0     ; 0              ; 0            ; 0                ; 0                 ;
; button_debouncer_inst1                                                                                                           ; 3     ; 1              ; 0            ; 1              ; 1      ; 1               ; 1             ; 1               ; 0     ; 0              ; 0            ; 0                ; 0                 ;
; button_debouncer_inst0                                                                                                           ; 3     ; 1              ; 0            ; 1              ; 1      ; 1               ; 1             ; 1               ; 0     ; 0              ; 0            ; 0                ; 0                 ;
+----------------------------------------------------------------------------------------------------------------------------------+-------+----------------+--------------+----------------+--------+-----------------+---------------+-----------------+-------+----------------+--------------+------------------+-------------------+
